-55.98 -30.03
-56.05 -30.32
-56.12 -30.61
-56.20 -30.90
-56.27 -31.19
-56.34 -31.48
-56.41 -31.77
-56.49 -32.06
-56.56 -32.35
-56.63 -32.64
-56.70 -32.93
-56.78 -33.22
-56.85 -33.51
-56.92 -33.80
-56.99 -34.10
-57.07 -34.39
-57.14 -34.68
-57.21 -34.97
-57.28 -35.26
-57.36 -35.55
-57.43 -35.84
-57.50 -36.13
-57.57 -36.42
-57.65 -36.71
-57.72 -37.00
-57.79 -37.29
-57.86 -37.58
-57.94 -37.87
-58.01 -38.16
-58.08 -38.45
-58.15 -38.74
-58.23 -39.03
-58.30 -39.32
-58.37 -39.61
-58.44 -39.90
-58.52 -40.19
-58.59 -40.48
-58.66 -40.77
-58.73 -41.06
-58.81 -41.35
-58.88 -41.64
-58.95 -41.93
-59.02 -42.23
-59.10 -42.52
-59.17 -42.81
-59.24 -43.10
-59.31 -43.39
-59.39 -43.68
-59.46 -43.97
-59.53 -44.26
-59.60 -44.55
-59.68 -44.84
-59.75 -45.13
-59.82 -45.42
-59.89 -45.71
-59.97 -46.00
-60.04 -46.29
-60.11 -46.58
-60.18 -46.87
-60.26 -47.16
-60.33 -47.45
-60.40 -47.74
-60.47 -48.03
-60.55 -48.32
-60.62 -48.61
-60.69 -48.90
-60.76 -49.19
-60.84 -49.48
-60.91 -49.77
-60.98 -50.06
-61.05 -50.36
-61.12 -50.65
-61.20 -50.94
-61.27 -51.23
-61.34 -51.52
-61.41 -51.81
-61.49 -52.10
-61.56 -52.39
-61.63 -52.68
-61.70 -52.97
-61.78 -53.26
-61.85 -53.55
-61.92 -53.84
-61.99 -54.13
-62.07 -54.42
-62.14 -54.71
-62.21 -55.00
-62.28 -55.29
-62.36 -55.58
-62.43 -55.87
-62.50 -56.16
-62.57 -56.45
-62.65 -56.74
-62.72 -57.03
-62.79 -57.32
-62.86 -57.61
-62.94 -57.90
-63.01 -58.20
-63.08 -58.49
-63.15 -58.78
-63.23 -59.07
-63.30 -59.36
-63.37 -59.65
-63.44 -59.94
-63.52 -60.23
-63.59 -60.52
-63.66 -60.81
-63.73 -61.10
-63.81 -61.39
-63.88 -61.68
-63.95 -61.97
-64.02 -62.26
-64.10 -62.55
-64.17 -62.84
-64.24 -63.13
-64.31 -63.42
-64.39 -63.71
-64.46 -64.00
-64.53 -64.29
-64.60 -64.58
-64.68 -64.87
-64.75 -65.16
-64.82 -65.45
-64.89 -65.74
-64.97 -66.03
-65.04 -66.33
-65.11 -66.62
-65.18 -66.91
-65.26 -67.20
-65.33 -67.49
-65.40 -67.78
-65.47 -68.07
-65.55 -68.36
-65.62 -68.65
-65.69 -68.94
-65.76 -69.23
-65.84 -69.52
-65.91 -69.81
-65.98 -70.10
-65.68 -70.13
-65.39 -70.16
-65.09 -70.18
-64.79 -70.21
-64.49 -70.24
-64.20 -70.27
-63.90 -70.30
-63.60 -70.32
-63.31 -70.35
-63.01 -70.38
-62.71 -70.41
-62.42 -70.44
-62.12 -70.46
-61.82 -70.49
-61.52 -70.52
-61.23 -70.55
-60.93 -70.58
-60.63 -70.60
-60.34 -70.63
-60.04 -70.66
-59.74 -70.69
-59.45 -70.72
-59.15 -70.74
-58.85 -70.77
-58.55 -70.80
-58.26 -70.83
-57.96 -70.86
-57.66 -70.88
-57.37 -70.91
-57.07 -70.94
-56.77 -70.97
-56.47 -71.00
-56.18 -71.02
-55.88 -71.05
-55.58 -71.08
-55.29 -71.11
-54.99 -71.14
-54.69 -71.16
-54.40 -71.19
-54.10 -71.22
-53.80 -71.25
-53.50 -71.28
-53.21 -71.30
-52.91 -71.33
-52.61 -71.36
-52.32 -71.39
-52.02 -71.42
-51.72 -71.45
-51.43 -71.47
-51.13 -71.50
-50.83 -71.53
-50.53 -71.56
-50.24 -71.59
-49.94 -71.61
-49.64 -71.64
-49.35 -71.67
-49.05 -71.70
-48.75 -71.73
-48.46 -71.75
-48.16 -71.78
-47.86 -71.81
-47.56 -71.84
-47.27 -71.87
-46.97 -71.89
-46.67 -71.92
-46.38 -71.95
-46.08 -71.98
-45.78 -72.01
-45.48 -72.03
-45.19 -72.06
-44.89 -72.09
-44.59 -72.12
-44.30 -72.15
-44.00 -72.17
-43.70 -72.20
-43.41 -72.23
-43.11 -72.26
-42.81 -72.29
-42.51 -72.31
-42.22 -72.34
-41.92 -72.37
-41.62 -72.40
-41.33 -72.43
-41.03 -72.45
-40.73 -72.48
-40.44 -72.51
-40.14 -72.54
-39.84 -72.57
-39.54 -72.59
-39.25 -72.62
-38.95 -72.65
-38.65 -72.68
-38.36 -72.71
-38.06 -72.73
-37.76 -72.76
-37.46 -72.79
-37.17 -72.82
-36.87 -72.85
-36.57 -72.87
-36.28 -72.90
-35.98 -72.93
-35.68 -72.96
-35.39 -72.99
-35.09 -73.01
-34.79 -73.04
-34.49 -73.07
-34.20 -73.10
-33.90 -73.13
-33.60 -73.15
-33.31 -73.18
-33.01 -73.21
-32.71 -73.24
-32.42 -73.27
-32.12 -73.29
-31.82 -73.32
-31.52 -73.35
-31.23 -73.38
-30.93 -73.41
-30.63 -73.43
-30.34 -73.46
-30.04 -73.49
-29.74 -73.52
-29.44 -73.55
-29.15 -73.57
-28.85 -73.60
-28.55 -73.63
-28.26 -73.66
-27.96 -73.69
-27.66 -73.71
-27.37 -73.74
-27.07 -73.77
-26.77 -73.80
-26.47 -73.83
-26.18 -73.85
-25.88 -73.88
-25.58 -73.91
-25.29 -73.94
-24.99 -73.97
-24.69 -74.00
-24.40 -74.02
-24.10 -74.05
-23.80 -74.08
-23.50 -74.11
-23.21 -74.14
-22.91 -74.16
-22.61 -74.19
-22.32 -74.22
-22.02 -74.25
-21.72 -74.28
-21.43 -74.30
-21.13 -74.33
-20.83 -74.36
-20.53 -74.39
-20.24 -74.42
-19.94 -74.44
-19.64 -74.47
-19.35 -74.50
-19.05 -74.53
-18.75 -74.56
-18.45 -74.58
-18.16 -74.61
-17.86 -74.64
-17.56 -74.67
-17.27 -74.70
-16.97 -74.72
-16.67 -74.75
-16.38 -74.78
-16.08 -74.81
-15.78 -74.84
-15.48 -74.86
-15.19 -74.89
-14.89 -74.92
-14.59 -74.95
-14.30 -74.98
-14.00 -75.00
-13.70 -75.03
-13.41 -75.06
-13.11 -75.09
-12.81 -75.12
-12.51 -75.14
-12.22 -75.17
-11.92 -75.20
-11.69 -75.25
-11.46 -75.29
-11.23 -75.33
-11.00 -75.38
-10.76 -75.43
-10.53 -75.47
-10.29 -75.52
-10.05 -75.57
-9.81 -75.61
-9.56 -75.66
-9.32 -75.70
-9.08 -75.74
-8.83 -75.78
-8.58 -75.83
-8.33 -75.88
-8.08 -75.92
-7.83 -75.96
-7.57 -76.00
-7.32 -76.05
-7.06 -76.09
-6.80 -76.13
-6.54 -76.17
-6.28 -76.22
-6.02 -76.26
-5.76 -76.30
-5.50 -76.33
-5.24 -76.37
-4.98 -76.41
-4.71 -76.45
-4.43 -76.49
-4.16 -76.53
-3.89 -76.57
-3.61 -76.61
-3.33 -76.64
-3.05 -76.68
-2.77 -76.72
-2.48 -76.76
-2.20 -76.80
-1.92 -76.83
-1.63 -76.87
-1.34 -76.91
-1.04 -76.94
-0.75 -76.97
-0.46 -77.01
-0.16 -77.05
0.14 -77.08
0.43 -77.11
0.73 -77.15
0.97 -77.18
1.22 -77.20
1.46 -77.23
1.71 -77.25
1.95 -77.28
2.20 -77.31
2.45 -77.33
2.70 -77.36
2.95 -77.38
3.20 -77.41
3.45 -77.43
3.70 -77.46
3.96 -77.48
4.21 -77.51
4.46 -77.53
4.72 -77.55
4.98 -77.57
5.23 -77.60
5.49 -77.62
5.75 -77.64
6.01 -77.66
6.28 -77.68
6.54 -77.71
6.81 -77.73
7.07 -77.75
7.34 -77.77
7.60 -77.79
7.87 -77.81
8.13 -77.83
8.40 -77.85
8.67 -77.87
8.94 -77.89
9.22 -77.90
9.49 -77.92
9.76 -77.94
10.03 -77.96
10.29 -77.98
10.56 -77.99
10.82 -78.01
11.09 -78.03
11.37 -78.05
11.65 -78.06
11.93 -78.08
12.21 -78.09
12.49 -78.11
12.77 -78.13
13.05 -78.14
13.34 -78.16
13.62 -78.17
13.90 -78.19
14.19 -78.20
14.47 -78.21
14.76 -78.23
15.04 -78.24
15.33 -78.25
15.62 -78.26
15.91 -78.27
16.20 -78.29
16.49 -78.30
16.78 -78.31
17.07 -78.32
17.36 -78.33
17.66 -78.35
17.95 -78.36
18.24 -78.37
18.54 -78.38
18.83 -78.39
19.13 -78.39
19.42 -78.40
19.72 -78.41
20.02 -78.42
20.31 -78.43
20.61 -78.43
20.90 -78.44
21.20 -78.45
21.50 -78.46
21.80 -78.46
22.09 -78.47
22.39 -78.47
22.69 -78.48
22.94 -78.48
23.19 -78.49
23.44 -78.49
23.69 -78.49
23.94 -78.50
24.19 -78.50
24.44 -78.50
24.69 -78.51
24.95 -78.51
25.20 -78.51
25.45 -78.52
25.70 -78.52
25.95 -78.52
26.20 -78.52
26.45 -78.53
26.70 -78.53
26.95 -78.53
27.20 -78.53
27.45 -78.53
27.70 -78.53
27.96 -78.53
28.21 -78.53
28.46 -78.53
28.71 -78.53
29.00 -78.53
29.29 -78.53
29.59 -78.52
29.88 -78.52
30.17 -78.52
30.42 -78.52
30.67 -78.51
30.92 -78.51
31.17 -78.51
31.42 -78.50
31.67 -78.50
31.92 -78.50
32.17 -78.49
32.42 -78.49
32.67 -78.49
32.92 -78.48
33.17 -78.48
33.42 -78.47
33.67 -78.47
33.92 -78.47
34.17 -78.46
34.42 -78.45
34.67 -78.45
34.97 -78.44
35.26 -78.43
35.56 -78.43
35.85 -78.42
36.15 -78.41
36.44 -78.40
36.74 -78.39
37.03 -78.39
37.33 -78.38
37.62 -78.37
37.91 -78.36
38.20 -78.35
38.50 -78.33
38.79 -78.32
39.08 -78.31
39.37 -78.30
39.66 -78.29
39.95 -78.27
40.24 -78.26
40.53 -78.25
40.82 -78.24
41.10 -78.22
41.39 -78.21
41.67 -78.19
41.96 -78.18
42.24 -78.17
42.53 -78.15
42.81 -78.14
43.10 -78.12
43.38 -78.11
43.66 -78.09
43.94 -78.08
44.21 -78.06
44.49 -78.05
44.77 -78.03
45.05 -78.01
45.32 -77.99
45.60 -77.98
45.87 -77.96
46.15 -77.94
46.42 -77.92
46.69 -77.90
46.96 -77.88
47.23 -77.86
47.50 -77.84
47.76 -77.82
48.02 -77.80
48.27 -77.78
48.53 -77.76
48.79 -77.74
49.05 -77.72
49.32 -77.70
49.58 -77.68
49.85 -77.66
50.11 -77.64
50.37 -77.62
50.63 -77.59
50.88 -77.57
51.14 -77.54
51.40 -77.52
51.65 -77.50
51.90 -77.47
52.16 -77.45
52.41 -77.42
52.66 -77.40
52.91 -77.38
53.16 -77.35
53.41 -77.33
53.66 -77.30
53.91 -77.28
54.15 -77.25
54.39 -77.23
54.64 -77.20
54.88 -77.18
55.12 -77.15
55.36 -77.12
55.60 -77.09
55.84 -77.07
56.08 -77.04
56.32 -77.01
56.61 -76.97
56.90 -76.94
57.19 -76.91
57.48 -76.87
57.77 -76.83
58.05 -76.80
58.34 -76.76
58.63 -76.72
58.91 -76.68
59.19 -76.64
59.47 -76.61
59.75 -76.57
60.02 -76.53
60.30 -76.49
60.57 -76.45
60.84 -76.41
61.11 -76.37
61.38 -76.33
61.64 -76.29
61.91 -76.25
62.17 -76.21
62.43 -76.17
62.69 -76.12
62.95 -76.08
63.20 -76.04
63.44 -76.00
63.69 -75.95
63.93 -75.91
64.18 -75.87
64.43 -75.83
64.68 -75.78
64.93 -75.74
65.17 -75.69
65.42 -75.65
65.66 -75.61
65.90 -75.56
66.14 -75.52
66.38 -75.47
66.61 -75.42
66.85 -75.38
67.08 -75.33
67.31 -75.28
67.54 -75.24
67.77 -75.19
68.00 -75.14
68.22 -75.09
68.45 -75.05
68.68 -75.00
68.90 -74.95
69.12 -74.91
69.34 -74.86
69.56 -74.81
69.36 -74.70
69.15 -74.59
68.95 -74.48
68.73 -74.32
68.51 -74.15
68.29 -73.99
68.08 -73.77
67.88 -73.56
67.67 -73.34
67.53 -73.16
67.38 -72.97
67.23 -72.78
67.09 -72.60
67.00 -72.31
66.92 -72.03
66.83 -71.75
66.74 -71.46
66.69 -71.26
66.65 -71.06
66.60 -70.86
66.59 -70.63
66.58 -70.41
66.57 -70.18
66.61 -69.92
66.64 -69.67
66.68 -69.41
66.72 -69.15
66.82 -68.87
66.91 -68.60
67.01 -68.32
67.13 -68.05
67.25 -67.77
67.37 -67.50
67.54 -67.28
67.71 -67.05
67.88 -66.83
68.08 -66.63
68.27 -66.42
68.47 -66.22
68.69 -66.04
68.91 -65.85
69.13 -65.67
69.35 -65.52
69.56 -65.36
69.78 -65.21
70.00 -65.06
70.22 -64.91
70.44 -64.76
70.66 -64.62
70.87 -64.49
71.09 -64.35
71.31 -64.23
71.53 -64.12
71.75 -64.00
71.97 -63.88
72.18 -63.77
72.40 -63.65
72.62 -63.55
72.84 -63.45
73.06 -63.35
73.28 -63.26
73.49 -63.16
73.71 -63.07
73.93 -62.98
74.15 -62.90
74.37 -62.81
74.59 -62.74
74.80 -62.66
75.02 -62.59
75.24 -62.52
75.46 -62.45
75.68 -62.38
75.90 -62.31
76.11 -62.25
76.33 -62.18
76.55 -62.11
76.77 -62.05
76.99 -61.98
77.21 -61.93
77.42 -61.88
77.64 -61.83
77.86 -61.78
78.07 -61.73
78.29 -61.68
78.51 -61.63
78.73 -61.59
78.95 -61.54
79.17 -61.50
79.38 -61.46
79.60 -61.42
79.82 -61.38
80.04 -61.35
80.26 -61.31
80.44 -61.27
80.62 -61.24
80.84 -61.21
81.05 -61.18
81.27 -61.15
81.49 -61.13
81.71 -61.10
81.93 -61.08
82.15 -61.04
82.36 -61.01
82.58 -60.97
82.80 -60.97
83.02 -60.96
83.24 -60.96
83.46 -60.95
83.67 -60.95
83.89 -60.94
84.11 -60.92
84.33 -60.91
84.55 -60.89
84.77 -60.89
84.98 -60.90
85.20 -60.90
85.42 -60.92
85.64 -60.94
85.86 -60.96
86.08 -60.96
86.29 -60.96
86.51 -60.96
86.73 -60.96
86.94 -60.96
87.16 -60.96
87.38 -60.99
87.60 -61.03
87.82 -61.06
88.04 -61.07
88.25 -61.07
88.47 -61.08
88.69 -61.12
88.91 -61.15
89.13 -61.19
89.35 -61.22
89.56 -61.24
89.78 -61.27
90.00 -61.30
90.22 -61.34
90.44 -61.37
90.66 -61.41
90.87 -61.44
91.09 -61.48
91.31 -61.52
91.53 -61.56
91.75 -61.60
91.97 -61.63
92.18 -61.67
92.40 -61.70
92.62 -61.73
92.84 -61.76
93.06 -61.79
93.28 -61.82
93.49 -61.84
93.71 -61.87
93.93 -61.89
94.15 -61.90
94.37 -61.92
94.59 -61.96
94.80 -61.99
95.02 -62.03
95.24 -62.03
95.46 -62.04
95.68 -62.04
95.90 -62.07
96.11 -62.10
96.33 -62.13
96.55 -62.14
96.77 -62.14
96.99 -62.15
97.28 -62.15
97.57 -62.15
97.86 -62.15
98.15 -62.15
98.44 -62.15
98.73 -62.15
99.02 -62.15
99.32 -62.15
99.61 -62.15
99.90 -62.15
100.19 -62.15
100.48 -62.15
100.77 -62.15
101.06 -62.15
101.35 -62.15
101.64 -62.15
101.93 -62.15
102.22 -62.15
102.51 -62.15
102.80 -62.15
103.09 -62.15
103.38 -62.15
103.67 -62.15
103.97 -62.15
104.26 -62.15
104.55 -62.15
104.84 -62.15
105.13 -62.15
105.42 -62.15
105.71 -62.15
106.00 -62.15
105.89 -61.87
105.79 -61.59
105.68 -61.31
105.57 -61.03
105.46 -60.76
105.36 -60.48
105.25 -60.20
105.14 -59.92
105.03 -59.64
104.93 -59.36
104.82 -59.08
104.71 -58.80
104.60 -58.52
104.50 -58.24
104.39 -57.97
104.28 -57.69
104.17 -57.41
104.07 -57.13
103.96 -56.85
103.85 -56.57
103.75 -56.29
103.64 -56.01
103.53 -55.73
103.42 -55.45
103.32 -55.18
103.21 -54.90
103.10 -54.62
102.99 -54.34
102.89 -54.06
102.78 -53.78
102.67 -53.50
102.56 -53.22
102.46 -52.94
102.35 -52.67
102.24 -52.39
102.13 -52.11
102.03 -51.83
101.92 -51.55
101.81 -51.27
101.70 -50.99
101.60 -50.71
101.49 -50.43
101.38 -50.15
101.28 -49.88
101.17 -49.60
101.06 -49.32
100.95 -49.04
100.85 -48.76
100.74 -48.48
100.63 -48.20
100.52 -47.92
100.42 -47.64
100.31 -47.36
100.20 -47.09
100.09 -46.81
99.99 -46.53
99.88 -46.25
99.77 -45.97
99.66 -45.69
99.56 -45.41
99.45 -45.13
99.34 -44.85
99.24 -44.58
99.13 -44.30
99.02 -44.02
98.91 -43.74
98.81 -43.46
98.70 -43.18
98.59 -42.90
98.48 -42.62
98.38 -42.34
98.27 -42.06
98.16 -41.79
98.05 -41.51
97.95 -41.23
97.84 -40.95
97.73 -40.67
97.62 -40.39
97.52 -40.11
97.41 -39.83
97.30 -39.55
97.20 -39.28
97.09 -39.00
96.98 -38.72
96.87 -38.44
96.77 -38.16
96.66 -37.88
96.55 -37.60
96.44 -37.32
96.34 -37.04
96.23 -36.76
96.12 -36.49
96.01 -36.21
95.91 -35.93
95.80 -35.65
95.69 -35.37
95.58 -35.09
95.48 -34.81
95.37 -34.53
95.26 -34.25
95.15 -33.97
95.05 -33.70
94.94 -33.42
94.83 -33.14
94.73 -32.86
94.62 -32.58
94.51 -32.30
94.40 -32.02
94.30 -31.74
94.19 -31.46
94.08 -31.19
93.97 -30.91
93.87 -30.63
93.76 -30.35
93.65 -30.07
93.54 -29.79
93.44 -29.51
93.33 -29.23
93.22 -28.95
93.11 -28.67
93.01 -28.40
92.90 -28.12
92.79 -27.84
92.69 -27.56
92.58 -27.28
92.47 -27.00
92.36 -26.72
92.26 -26.44
92.15 -26.16
92.04 -25.88
91.93 -25.61
91.83 -25.33
91.72 -25.05
91.61 -24.77
91.50 -24.49
91.40 -24.21
91.29 -23.93
91.18 -23.65
91.07 -23.37
90.97 -23.10
90.86 -22.82
90.75 -22.54
90.64 -22.26
90.54 -21.98
90.43 -21.70
90.32 -21.42
90.22 -21.14
90.11 -20.86
90.00 -20.58
89.89 -20.31
89.79 -20.03
89.68 -19.75
89.57 -19.47
89.46 -19.19
89.36 -18.91
89.25 -18.63
89.14 -18.35
89.03 -18.07
88.93 -17.79
88.82 -17.52
88.71 -17.24
88.60 -16.96
88.50 -16.68
88.39 -16.40
88.10 -16.39
87.82 -16.38
87.53 -16.37
87.24 -16.36
86.95 -16.36
86.67 -16.35
86.38 -16.34
86.09 -16.33
85.81 -16.32
85.52 -16.31
85.23 -16.30
84.95 -16.29
84.66 -16.28
84.37 -16.27
84.08 -16.27
83.80 -16.26
83.51 -16.25
83.22 -16.24
82.94 -16.23
82.65 -16.22
82.52 -15.92
82.38 -15.62
82.25 -15.32
82.12 -15.02
81.98 -14.72
81.85 -14.42
81.71 -14.12
81.58 -13.82
81.44 -13.52
81.31 -13.23
81.17 -12.93
81.03 -12.63
80.89 -12.33
80.75 -12.03
80.62 -11.74
80.48 -11.44
80.34 -11.14
80.20 -10.85
80.06 -10.55
79.91 -10.26
79.77 -9.96
79.63 -9.67
79.49 -9.37
79.34 -9.08
79.20 -8.78
79.05 -8.49
78.91 -8.20
78.76 -7.90
78.62 -7.61
78.47 -7.32
78.32 -7.03
78.17 -6.74
78.02 -6.44
77.88 -6.15
77.73 -5.86
77.57 -5.57
77.42 -5.28
77.27 -4.99
77.12 -4.71
76.97 -4.42
76.81 -4.13
76.66 -3.84
76.50 -3.55
76.35 -3.27
76.32 -2.98
76.29 -2.70
76.26 -2.41
76.23 -2.12
76.20 -1.84
76.17 -1.55
76.14 -1.27
76.11 -0.98
76.08 -0.69
76.05 -0.41
76.01 -0.12
75.98 0.17
75.95 0.45
75.92 0.74
75.89 1.03
75.86 1.31
75.83 1.60
75.80 1.88
75.77 2.17
75.74 2.46
75.71 2.74
75.68 3.03
75.38 3.03
75.08 3.03
74.78 3.03
74.48 3.03
74.18 3.03
73.88 3.03
73.59 3.03
73.29 3.03
72.99 3.03
72.69 3.03
72.39 3.03
72.09 3.03
72.00 2.84
71.92 2.66
71.83 2.47
71.70 2.28
71.58 2.08
71.45 1.89
71.24 1.78
71.04 1.66
70.83 1.55
70.61 1.48
70.39 1.42
70.17 1.35
69.95 1.30
69.74 1.26
69.52 1.21
69.30 1.16
69.08 1.11
68.86 1.06
68.64 1.01
68.43 0.96
68.21 0.91
67.99 0.85
67.77 0.80
67.55 0.74
67.33 0.68
67.12 0.62
66.90 0.56
66.68 0.48
66.46 0.41
66.24 0.33
66.02 0.22
65.81 0.10
65.59 -0.01
65.37 -0.16
65.15 -0.32
64.93 -0.47
64.71 -0.66
64.49 -0.86
64.27 -1.05
64.05 -1.26
63.84 -1.46
63.62 -1.67
63.42 -1.88
63.22 -2.09
63.02 -2.30
62.85 -2.51
62.68 -2.71
62.51 -2.92
62.35 -3.14
62.20 -3.35
62.04 -3.57
61.91 -3.75
61.77 -3.94
61.63 -4.12
61.50 -4.31
61.34 -4.47
61.19 -4.63
61.03 -4.80
60.87 -4.96
60.65 -5.08
60.44 -5.20
60.22 -5.32
60.00 -5.37
59.78 -5.43
59.56 -5.48
59.34 -5.46
59.13 -5.45
58.91 -5.43
58.69 -5.34
58.47 -5.25
58.25 -5.16
58.03 -4.99
57.82 -4.81
57.60 -4.64
57.44 -4.46
57.28 -4.28
57.13 -4.10
56.97 -3.92
56.79 -3.69
56.62 -3.45
56.44 -3.22
56.28 -2.98
56.12 -2.75
55.96 -2.51
55.80 -2.27
55.65 -2.03
55.49 -1.79
55.33 -1.55
55.17 -1.31
55.01 -1.07
54.83 -0.83
54.66 -0.60
54.48 -0.36
54.32 -0.20
54.16 -0.04
54.01 0.13
53.85 0.29
53.63 0.44
53.42 0.58
53.20 0.73
52.98 0.84
52.76 0.96
52.54 1.07
52.32 1.18
52.11 1.29
51.89 1.40
51.67 1.52
51.46 1.65
51.24 1.77
51.02 1.88
50.80 2.00
50.58 2.11
50.36 2.20
50.15 2.28
49.93 2.37
49.71 2.42
49.49 2.47
49.27 2.52
49.05 2.54
48.84 2.56
48.62 2.58
48.40 2.60
48.18 2.61
47.96 2.63
47.74 2.63
47.53 2.63
47.31 2.63
47.09 2.64
46.87 2.66
46.65 2.67
46.43 2.73
46.22 2.78
46.00 2.84
45.78 2.90
45.56 2.97
45.34 3.03
45.04 3.03
44.74 3.03
44.44 3.03
44.15 3.03
43.85 3.03
43.55 3.03
43.25 3.03
42.95 3.03
42.65 3.03
42.36 3.03
42.06 3.03
41.76 3.03
41.46 3.03
41.16 3.03
40.86 3.03
40.57 3.03
40.27 3.03
39.97 3.03
39.67 3.03
39.37 3.03
39.07 3.03
38.77 3.03
38.48 3.03
38.18 3.03
37.88 3.03
37.58 3.03
37.28 3.03
36.98 3.03
36.69 3.03
36.39 3.03
36.09 3.03
35.79 3.03
35.49 3.03
35.19 3.03
34.90 3.03
34.60 3.03
34.30 3.03
34.00 3.03
33.67 2.91
33.33 2.79
33.00 2.67
32.66 2.55
32.33 2.43
32.00 2.31
31.66 2.19
31.33 2.06
31.00 1.94
30.66 1.82
30.33 1.69
30.00 1.57
29.66 1.45
29.33 1.32
29.00 1.20
28.67 1.07
28.34 0.94
28.00 0.82
27.67 0.69
27.34 0.56
27.01 0.44
26.68 0.31
26.35 0.18
26.02 0.05
25.69 -0.08
25.36 -0.21
25.03 -0.34
24.70 -0.47
24.37 -0.60
24.04 -0.73
23.71 -0.86
23.38 -0.99
23.05 -1.12
22.72 -1.25
22.39 -1.39
22.06 -1.52
21.73 -1.65
21.40 -1.78
21.07 -1.92
20.74 -2.05
20.41 -2.19
20.09 -2.32
19.76 -2.46
19.43 -2.59
19.10 -2.73
18.77 -2.86
18.44 -3.00
18.12 -3.13
17.79 -3.27
17.46 -3.41
17.13 -3.54
16.80 -3.68
16.48 -3.82
16.15 -3.96
15.82 -4.09
15.49 -4.23
15.16 -4.37
14.84 -4.51
14.51 -4.65
14.18 -4.79
13.85 -4.92
13.53 -5.06
13.20 -5.20
12.87 -5.34
12.54 -5.48
12.21 -5.62
11.89 -5.76
11.56 -5.90
11.23 -6.04
10.90 -6.18
10.58 -6.33
10.25 -6.47
9.92 -6.61
9.59 -6.75
9.27 -6.89
8.94 -7.03
8.61 -7.17
8.28 -7.32
7.95 -7.46
7.63 -7.60
7.30 -7.74
6.97 -7.88
6.64 -8.03
6.31 -8.17
5.98 -8.31
5.66 -8.45
5.33 -8.60
5.00 -8.74
4.67 -8.88
4.34 -9.02
4.01 -9.17
3.68 -9.31
3.35 -9.45
3.02 -9.60
2.70 -9.74
2.37 -9.88
2.04 -10.03
1.71 -10.17
1.38 -10.31
1.05 -10.46
0.72 -10.60
0.39 -10.74
0.06 -10.89
-0.28 -11.03
-0.61 -11.17
-0.94 -11.32
-1.27 -11.46
-1.60 -11.60
-1.93 -11.75
-2.26 -11.89
-2.60 -12.03
-2.93 -12.18
-3.26 -12.32
-3.59 -12.46
-3.92 -12.60
-4.26 -12.75
-4.59 -12.89
-4.92 -13.03
-5.26 -13.18
-5.59 -13.32
-5.93 -13.46
-6.26 -13.60
-6.59 -13.75
-6.93 -13.89
-7.26 -14.03
-7.60 -14.17
-7.94 -14.32
-8.27 -14.46
-8.61 -14.60
-8.94 -14.74
-9.28 -14.88
-9.62 -15.02
-9.95 -15.16
-10.29 -15.31
-10.63 -15.45
-10.97 -15.59
-11.31 -15.73
-11.64 -15.87
-11.98 -16.01
-12.32 -16.15
-12.66 -16.29
-13.00 -16.43
-13.34 -16.57
-13.68 -16.71
-14.02 -16.85
-14.37 -16.99
-14.71 -17.12
-15.05 -17.26
-15.39 -17.40
-15.73 -17.54
-16.08 -17.68
-16.42 -17.82
-16.76 -17.95
-17.11 -18.09
-17.45 -18.23
-17.80 -18.36
-18.14 -18.50
-18.49 -18.64
-18.84 -18.77
-19.18 -18.91
-19.53 -19.04
-19.88 -19.18
-20.22 -19.31
-20.57 -19.45
-20.92 -19.58
-21.27 -19.71
-21.62 -19.85
-21.97 -19.98
-22.32 -20.11
-22.67 -20.25
-23.02 -20.38
-23.37 -20.51
-23.73 -20.64
-24.08 -20.77
-24.43 -20.90
-24.79 -21.03
-25.14 -21.16
-25.49 -21.29
-25.85 -21.42
-26.20 -21.55
-26.56 -21.68
-26.92 -21.81
-27.27 -21.93
-27.63 -22.06
-27.99 -22.19
-28.35 -22.32
-28.70 -22.44
-29.06 -22.57
-29.42 -22.69
-29.78 -22.82
-30.15 -22.94
-30.51 -23.06
-30.87 -23.19
-31.23 -23.31
-31.59 -23.43
-31.96 -23.55
-32.32 -23.68
-32.69 -23.80
-33.05 -23.92
-33.42 -24.04
-33.78 -24.16
-34.15 -24.28
-34.52 -24.39
-34.88 -24.51
-35.25 -24.63
-35.62 -24.75
-35.99 -24.86
-36.36 -24.98
-36.73 -25.09
-37.10 -25.21
-37.47 -25.32
-37.85 -25.43
-38.22 -25.55
-38.59 -25.66
-38.97 -25.77
-39.34 -25.88
-39.71 -25.99
-40.09 -26.10
-40.47 -26.21
-40.84 -26.32
-41.22 -26.43
-41.60 -26.54
-41.98 -26.64
-42.36 -26.75
-42.74 -26.86
-43.12 -26.96
-43.50 -27.07
-43.88 -27.17
-44.26 -27.27
-44.64 -27.37
-45.03 -27.48
-45.41 -27.58
-45.79 -27.68
-46.18 -27.78
-46.56 -27.88
-46.95 -27.97
-47.34 -28.07
-47.72 -28.17
-48.11 -28.26
-48.50 -28.36
-48.89 -28.45
-49.28 -28.55
-49.67 -28.64
-50.06 -28.73
-50.45 -28.83
-50.84 -28.92
-51.23 -29.01
-51.63 -29.10
-52.02 -29.18
-52.41 -29.27
-52.81 -29.36
-53.20 -29.45
-53.60 -29.53
-54.00 -29.62
-54.39 -29.70
-54.79 -29.78
-55.19 -29.86
-55.59 -29.95
